2457070.21150 11.9407   0.0031 
2457070.21413 11.9626   0.0028 
2457070.21678 11.9702   0.0027 
2457070.21942 11.9883   0.0026 
2457070.22206 12.0054   0.0025 
2457070.22474 12.0238   0.0025 
2457070.22741 12.0392   0.0024 
2457070.23005 12.0762   0.0024 
2457070.23271 12.1059   0.0025 
2457070.23535 12.1285   0.0025 
2457070.23801 12.1841   0.0025 
2457070.24067 12.1988   0.0026 
2457070.24332 12.2466   0.0027 
2457070.24599 12.2961   0.0027 
2457070.24865 12.3429   0.0027 
2457070.25129 12.3841   0.0026 
2457070.25395 12.4230   0.0027 
2457070.25661 12.4374   0.0028 
2457070.25925 12.4513   0.0028 
2457070.26191 12.4454   0.0029 
2457070.26456 12.4364   0.0027 
2457070.26718 12.4485   0.0028 
2457070.26983 12.4412   0.0027 
2457070.27249 12.4426   0.0027 
2457070.27515 12.4352   0.0026 
2457070.27779 12.4042   0.0026 
2457070.28043 12.3672   0.0025 
2457070.28307 12.3224   0.0026 
2457070.28572 12.2724   0.0026 
2457070.28837 12.2286   0.0028 
2457070.29103 12.1789   0.0023 
2457070.29367 12.1385   0.0023 
2457070.29631 12.1089   0.0023 
2457070.29896 12.0710   0.0022 
2457070.30163 12.0469   0.0021 
2457070.30428 12.0123   0.0021 
2457070.30691 11.9868   0.0020 
2457070.30957 11.9654   0.0020 
2457070.31221 11.9445   0.0020 
2457070.31485 11.9282   0.0019 
2457070.31749 11.9143   0.0019 
2457070.32014 11.8948   0.0019 
2457070.32522 11.8633   0.0019 
2457070.32786 11.8539   0.0019 
2457070.33049 11.8321   0.0019 
2457070.33313 11.8230   0.0019 
2457070.33577 11.8170   0.0018 
2457070.33843 11.8012   0.0018 
2457070.34109 11.7959   0.0018 
2457070.34373 11.7879   0.0018 
2457070.34641 11.7820   0.0018 
2457070.34905 11.7804   0.0018 
2457070.35169 11.7660   0.0018 
2457070.35434 11.7648   0.0018 
2457070.35698 11.7654   0.0018 
2457070.35964 11.7611   0.0018 
2457070.36227 11.7634   0.0018 
2457070.36491 11.7625   0.0018 
2457070.36758 11.7670   0.0018 
2457070.37025 11.7698   0.0018 
2457070.37287 11.7757   0.0018 
2457070.37553 11.7770   0.0018 
2457070.37821 11.7850   0.0018 
2457070.38086 11.7915   0.0018 
2457070.38350 11.8027   0.0018 
2457070.38612 11.8157   0.0018 
2457070.38876 11.8245   0.0018 
2457070.39140 11.8394   0.0018 
2457070.39404 11.8469   0.0018 
2457070.39667 11.8607   0.0018 
2457070.39931 11.8757   0.0019 
2457070.40194 11.8922   0.0019 
2457070.40457 11.9073   0.0019 
2457070.40721 11.9235   0.0019 
2457070.40985 11.9452   0.0019 
2457070.41251 11.9680   0.0019 
2457070.41519 11.9909   0.0020 
2457070.41785 12.0157   0.0020 
2457070.42053 12.0458   0.0020 
2457070.42322 12.0786   0.0021 
2457070.42589 12.1064   0.0021 
2457070.42852 12.1435   0.0021 
2457070.43119 12.1816   0.0022 
2457070.43384 12.2294   0.0022 
2457070.43651 12.2663   0.0023 
2457070.43918 12.3109   0.0023 
2457070.44182 12.3524   0.0024 
2457070.44445 12.3797   0.0024 
2457070.44713 12.3950   0.0024 
2457070.44978 12.4001   0.0025 
2457070.45244 12.4023   0.0024 
2457070.45878 12.3878   0.0025 
2457070.46146 12.3743   0.0024 
2457070.46415 12.3488   0.0024 
2457070.46677 12.3067   0.0024 
2457070.46947 12.2713   0.0023 
2457070.47216 12.2279   0.0023 
2457070.47484 12.1932   0.0022 
2457070.47754 12.1514   0.0022 
2457070.48020 12.1199   0.0021 
2457070.48284 12.0885   0.0021 
2457070.48550 12.0542   0.0020 
2457070.48813 12.0291   0.0020 
2457070.49079 12.0049   0.0020 
2457070.49345 11.9833   0.0020 
2457070.49611 11.9593   0.0020 
2457070.49877 11.9409   0.0019 
2457070.50143 11.9243   0.0019 
2457070.50408 11.9073   0.0019 
2457070.50674 11.8923   0.0019 
2457070.50941 11.8792   0.0019 
2457070.51209 11.8677   0.0019 
2457070.51478 11.8543   0.0019 
2457070.51742 11.8473   0.0019 
2457070.52007 11.8385   0.0018 
2457070.52276 11.8267   0.0018 
2457070.52540 11.8169   0.0018 
2457070.52807 11.8087   0.0018 
2457070.53072 11.8035   0.0018 
2457070.53340 11.8029   0.0019 
2457070.53605 11.7945   0.0019 
2457070.53870 11.7968   0.0018 
2457070.54138 11.7908   0.0018 
2457070.54407 11.7914   0.0018 
2457070.54674 11.7946   0.0018 
2457070.54940 11.7986   0.0018 
2457070.55206 11.7988   0.0018 
2457070.55476 11.8055   0.0018 
2457070.55746 11.8118   0.0018 
2457070.56012 11.8190   0.0018 
2457070.56283 11.8273   0.0019 
2457070.56551 11.8271   0.0019 
2457070.56816 11.8404   0.0019 
2457070.57080 11.8563   0.0018 
2457070.57344 11.8677   0.0019 
2457070.57615 11.8775   0.0019 
2457070.57878 11.8883   0.0019 
2457070.58145 11.9063   0.0019 
2457070.58412 11.9202   0.0019 
2457070.58676 11.9268   0.0020 
2457070.58945 11.9491   0.0020 
2457070.59213 11.9674   0.0020 
2457070.59480 11.9821   0.0020 
2457070.59747 12.0043   0.0021 
2457070.60013 12.0223   0.0021 
2457070.60280 12.0535   0.0021 
2457070.60551 12.0803   0.0022 
2457070.60819 12.1112   0.0022 
2457070.61085 12.1486   0.0023 
2457070.61349 12.1821   0.0023 
2457070.61616 12.2219   0.0023 
2457070.61883 12.2689   0.0024 
2457070.62154 12.3105   0.0024 
2457070.62419 12.3569   0.0025 
2457070.62684 12.3912   0.0025 
2457070.62955 12.4270   0.0026 
2457070.63221 12.4542   0.0027 
2457070.63486 12.4453   0.0027 
2457070.63757 12.4540   0.0028 
2457070.64027 12.4469   0.0028 
2457070.64293 12.4527   0.0028 
2457070.64559 12.4421   0.0028 
2457070.64823 12.4465   0.0028 
2457070.65091 12.4289   0.0028 
2457070.65357 12.3946   0.0028 
2457070.65624 12.3491   0.0029 
2457070.65887 12.3171   0.0027 
2457070.66154 12.2543   0.0027 
2457070.66423 12.2211   0.0027 
2457070.66691 12.1732   0.0026 
2457070.66959 12.1299   0.0026 
2457070.67226 12.0954   0.0025 
2457070.67495 12.0627   0.0025 
2457070.67763 12.0253   0.0026 
2457070.68030 12.0067   0.0024 
2457070.68296 11.9840   0.0024 
2457070.68563 11.9706   0.0025 
